>ANAGTGCCACCTGGTGGCCA	CTCF(Zf)/CD4+-CTCF-ChIP-Seq(Barski_et_al.)/Homer,BestGuess:CTCF(Zf)/CD4+-CTCF-ChIP-Seq(Barski_et_al.)/Homer(1.000)	8.704837	-6.281855e+03	0	15000.0,4645.0,2877.2,2765.0,0.00e+00
0.447	0.221	0.181	0.151
0.037037037037037	0.34034034034034	0.236236236236236	0.386386386386386
0.499	0.061	0.33	0.11
0.033033033033033	0.377377377377377	0.528528528528528	0.0610610610610611
0.023023023023023	0.378378378378378	0.005005005005005	0.593593593593594
0.061	0.005	0.887	0.047
0.0790790790790791	0.905905905905906	0.005005005005005	0.01001001001001
0.002	0.994	0.001	0.003
0.501501501501502	0.475475475475475	0.00700700700700701	0.016016016016016
0.002	0.527	0.004	0.467
0.003	0.995	0.001	0.001
0.03	0.036	0.004	0.93
0.382	0.042	0.446	0.13
0.02	0.273	0.686	0.021
0.047	0.039	0.014	0.9
0.002	0.001	0.995	0.002
0.04	0.034	0.873	0.053
0.161161161161161	0.527527527527528	0.0610610610610611	0.25025025025025
0.277	0.428	0.117	0.178
0.541	0.092	0.267	0.1
